0 0.752 0.5479999999999999 0.132 0.38666666666666666
0 0.627 0.5519999999999999 0.106 0.3733333333333333
0 0.41100000000000003 0.5573333333333333 0.098 0.416
0 0.9510000000000001 0.4533333333333333 0.094 0.32
0 0.501 0.5413333333333333 0.10200000000000001 0.42666666666666664
0 0.066 0.5 0.08 0.2693333333333333
0 0.219 0.5026666666666666 0.074 0.264
0 0.798 0.5066666666666666 0.056 0.35733333333333334
0 0.862 0.5066666666666666 0.07200000000000001 0.304
0 0.34500000000000003 0.5413333333333333 0.094 0.384
